12.1056
13.108
15.1471
9.56442
13.146
14.7454
13.3051
15.5058
10.2652
2.36346
17.8447
1.86315
2.24403
2.66325
1.92592
2.14576
2.18503
2.1838
2.18588
2.23457
2.163
2.20536
2.04434
1.92508
2.32474
3.16328
2.22461
2.16684
2.16486
26.0669
4.64441
2.20379
2.0852
2.24515
2.28541
2.08508
2.18419
14.1861
2.22404
2.0642
2.10693
2.26494
36.2873
2.08576
2.16476
17.3863
5.90201
2.34447
12.5066
2.2848
1.88435
2.40319
2.36591
3.7456
3.02408
2.14429
2.32212
2.48465
2.30422
1.94426
6.88467
2.48552
3.56449
2.10311
3.46401
2.82432
2.14558
2.42512
2.62495
2.88303
2.28546
2.54562
2.0255
1.92474
2.62261
3.90602
2.04461
2.10323
2.16305
2.56498
1.96329
2.04543
2.24471
2.26488
2.40435
2.0034
2.04502
2.20428
2.12381
2.08434
2.16387
2.2252
2.26423
2.484
2.60519
1.88314
2.08382
2.08384
1.98464
2.12529
2.10441
2.04427
2.08517
2.08546
2.1641
13.4662
2.18499
12.2266
7.76597
13.7251
10.8868
13.8852
45.1151
12.844
23.8256
13.5659
23.8867
21.2078
16.1451
13.7458
14.4458
27.2069
12.8477
7.32483
12.7066
8.68383
17.1683
14.7913
50.5653
65.7678
23.4066
12.2876
